x <-
c(0, 0.0634665182543393, 0.126933036508679, 0.190399554763018, 
0.253866073017357, 0.317332591271696, 0.380799109526036, 0.444265627780375, 
0.507732146034714, 0.571198664289053, 0.634665182543393, 0.698131700797732, 
0.761598219052071, 0.82506473730641, 0.88853125556075, 0.951997773815089, 
1.01546429206943, 1.07893081032377, 1.14239732857811, 1.20586384683245, 
1.26933036508679, 1.33279688334112, 1.39626340159546, 1.4597299198498, 
1.52319643810414, 1.58666295635848, 1.65012947461282, 1.71359599286716, 
1.7770625111215, 1.84052902937584, 1.90399554763018, 1.96746206588452, 
2.03092858413886, 2.0943951023932, 2.15786162064753, 2.22132813890187, 
2.28479465715621, 2.34826117541055, 2.41172769366489, 2.47519421191923, 
2.53866073017357, 2.60212724842791, 2.66559376668225, 2.72906028493659, 
2.79252680319093, 2.85599332144527, 2.91945983969961, 2.98292635795395, 
3.04639287620828, 3.10985939446262, 3.17332591271696, 3.2367924309713, 
3.30025894922564, 3.36372546747998, 3.42719198573432, 3.49065850398866, 
3.554125022243, 3.61759154049734, 3.68105805875168, 3.74452457700602, 
3.80799109526036, 3.87145761351469, 3.93492413176903, 3.99839065002337, 
4.06185716827771, 4.12532368653205, 4.18879020478639, 4.25225672304073, 
4.31572324129507, 4.37918975954941, 4.44265627780375, 4.50612279605809, 
4.56958931431243, 4.63305583256677, 4.69652235082111, 4.75998886907544, 
4.82345538732978, 4.88692190558412, 4.95038842383846, 5.0138549420928, 
5.07732146034714, 5.14078797860148, 5.20425449685582, 5.26772101511016, 
5.3311875333645, 5.39465405161884, 5.45812056987318, 5.52158708812752, 
5.58505360638185, 5.64852012463619, 5.71198664289053, 5.77545316114487, 
5.83891967939921, 5.90238619765355, 5.96585271590789, 6.02931923416223, 
6.09278575241657, 6.15625227067091, 6.21971878892525, 6.28318530717959
)
y <-
c(0.240426901335462, 0.199183292390759, -0.0305486034335896, 
0.0262451406958237, 0.76251663300616, 0.174355347688561, 0.526572421630735, 
0.462972530128168, 1.01236239009416, 0.670600053529703, 0.571031453007762, 
0.178541128809606, 0.531526641141022, -0.132673493850859, 1.49295451762809, 
0.434254371416953, 0.940200021668768, 1.04232572273644, 1.15621665987804, 
0.921507648874272, 1.0636773547167, 1.49368346085682, 0.76204543431857, 
1.19309165198392, 1.05630146627004, 1.28413371227966, 1.07616466672356, 
0.429937971404167, 1.38458977191876, 1.29124912912204, 0.230493666452782, 
0.915450187343917, 0.765566582748946, 0.905267472004966, 1.18523662247787, 
0.9939585511679, 1.3406303754025, 0.290590049591952, 0.647902483432452, 
0.172119048156037, 0.816569756978649, 0.139280504142436, 0.756383450234414, 
0.803132804612472, 0.00465196207195556, -0.350016295510198, -0.357009387913971, 
0.307291500267126, 0.146019740431719, 0.904948188511657, 0.0144665733267275, 
-0.138227541589905, -0.243829243378897, -0.313577474103099, -0.682030923185717, 
-1.1558964918289, -0.390656357557755, -0.317108829066245, -0.824823843853673, 
-0.596321234910832, -1.34876476342243, 0.211217176508318, -1.04199477383414, 
-0.38365070585285, -1.02750647206322, -1.14127123651376, -0.588066946640212, 
-0.820803714821757, -1.44341077819593, -0.881488517426947, -0.837935000250884, 
-0.356579871983023, -0.324556087088889, -0.752956645263196, -1.16621559984027, 
-0.862908045940897, -1.41104752202556, -1.23954830313498, -1.24609262760371, 
-1.64289954731694, -0.710396610329388, -0.806566474030621, -0.944065332833444, 
-0.866460259878147, -0.741758399988883, -0.119880336223267, -0.243416941419494, 
-0.309719171175493, -1.25232172891744, -0.921280667883565, -0.592975613264703, 
-0.589482858195501, -0.844201470094639, 0.134119049713207, -0.193818403819395, 
-0.255146599964409, 0.0324022797080342, -0.293338660211319, 0.150716256009125, 
0.427338712918082)
